points = [
    +0.0, +0.0, +0.9;
    -0.2, -0.8, +0.1;
    -0.3, -0.1, +0.0;
    +0.9, 0.4, -0.2;
    -0.3, -0.4, -0.3;
    +0.0, +0.0, +1.0];

translation = [1, 2, 3]
scale = [3, 2, 1]